Death-Knight Blood
185810
237628
215136
237626
235499
237631
222435
237629
222431
178818
221123
237567
221141
242396
219309

Death-Knight Frost
237628
242406
237626
235499
237631
222435
234504
221133
237627
243307
237567
237570
242402
242395
222447
237734

Death-Knight Unholy
243365
237628
242406
237626
235499
237631
222435
237526
222431
237627
243307
237567
237570
246344
242395

Demon-Hunter Havoc
237727
222441
237691
242406
237689
235499
237694
219334
237692
237533
237690
243306
221136
237567
242395
242397
185818

Demon-Hunter Vengeance
237525
185842
237689
235499
237694
219334
237692
185809
237690
243306
242405
246281
242401
219309
190958
232543
242391
242393
234491
222440

Druid Balance
237682
178827
237680
235499
237685
219334
237683
237533
242473
243306
237570
178824
242402
242395
237728
222566

Druid Feral
237682
242406
237680
235499
185786
219334
237683
219331
237681
243306
221200
246281
242402
242395
221159

Druid Guardian
221159
237682
237569
237680
235499
237685
219334
237540
219502
237681
243306
242405
246281
219309
242401
242404

Druid Restoration
237682
178827
237680
235499
237685
237562
237683
237679
242473
243306
242491
242405
190958
242392
237730

Evoker Devastation
237655
185842
237653
235499
237658
219342
221119
234501
237654
243308
242405
246281
242402
242392
237735
222566
237730

Evoker Preservation
237655
242406
237653
235499
178815
237523
237656
237554
237654
243308
242405
237567
242395
242400
242392
237730

Evoker Augmentation
221156
242406
237653
235499
237658
219342
237656
185808
237654
243308
237570
178824
242494
242399
237728
222566
237730

Hunter Beast-Mastery
234492
237646
185842
237644
235499
237649
219342
219341
234501
237645
243308
242405
221136
242395
232541

Hunter Marksmanship
237646
185842
237644
235499
237649
219342
219341
237522
237645
243308
237567
221200
242396
242395
185783

Hunter Survival
242481
237646
237569
237644
235499
237649
219342
219341
237554
237645
243308
178824
237570
242402
232541

Mage Arcane
237735
222566
237718
237568
237716
235499
237721
222815
246275
237559
237717
243305
242405
221141
242395
242392

Mage Fire
237735
222566
238033
237569
237716
235499
237721
222815
237719
237559
237717
243305
242405
246281
242399
242392

Mage Frost
237728
222566
237718
242406
237716
235499
221126
222815
237719
178822
237717
243305
185813
221141
242392
242497

Monk Brewmaster
221159
221144
221128
237673
252009
237671
235499
237676
219334
237674
219502
185801
243306
237567
221141
242401
219309
242396
242403
232543
242391

Monk Mistweaver
237735
222566
237673
237568
237671
235499
237541
219334
237674
237670
237672
243306
221136
246281
242392
242395
242393

Monk Windwalker
237673
178827
237671
235499
237676
219334
237674
219331
237672
243306
178824
242491
221159
242402
242395

Paladin Holy
237619
185842
185803
235499
237622
237545
237620
234505
237618
243307
237567
242405
242392
242400
237735
237723

Paladin Protection
237734
237723
246283
185820
237617
235499
237622
222435
237620
222431
237618
243307
246281
237567
219309
242401
242404

Paladin Retribution
237737
237619
242406
237617
235499
237622
222435
237620
222431
237618
243307
237570
237567
242402
242395

Priest Discipline
237728
237709
242406
237707
235499
237712
222815
237549
185807
237708
243305
237567
242405
242395
242392
242393

Priest Holy
237728
237709
242406
237707
235499
237712
222815
237549
185807
237708
243305
237567
242405
242395
242392
242393

Priest Shadow
237728
222566
237709
178827
246276
235499
237712
222815
237710
237559
237708
243305
178824
237570
242395
242402
242497

Rogue Assassination
237740
222438
237664
185842
237662
235499
237667
219334
237665
237533
237663
243306
237567
221200
242402
242395

Rogue Outlaw
237731
234493
237664
237568
237662
235499
237667
237660
178832
219331
237663
243306
215135
242397
242395

Rogue Subtlety
237664
215136
237662
235499
237667
219334
237665
185809
237531
243306
242405
237567
242399
190652
237729
221138

Shaman Elemental
237728
222566
178816
251880
237635
235499
237640
219342
237638
237554
237636
243308
185813
185840
242402
242392

Shaman Enhancement
237738
222446
185823
237637
242406
237635
235499
237529
219342
237638
237554
237636
243308
237570
242491
242402
232541
242395
219308

Shaman Restoration
237728
237730
222432
222566
237637
185842
237537
235499
237640
219342
237638
237522
237636
243308
242405
246281
242395
190958
219312
219308

Warlock Affliction
237700
242406
237698
235499
237703
222815
237701
237538
237699
243305
242405
237567
242395
242402
237735
222566

Warlock Demonology
237700
242406
237698
235499
237703
222815
237549
237538
237699
243305
242405
237567
242395
242402
237735
222566

Warlock Destruction
237700
242406
237698
235499
237703
222815
237549
237538
237699
243305
242405
237567
242497
242392
237735
222566

Warrior Arms
237610
242406
237608
235499
237613
222435
237611
222431
237609
243307
242405
185813
242395
242399
243365

Warrior Fury
251098
151309
251164
260312
151329
263193
151332
151327
251118
251107
251115
251093
193701
252420
251117

Warrior Protection
237734
237723
237610
185820
237608
235499
221161
222435
237611
222431
237609
243307
246281
237567
219309
242401
242404
