Death-Knight Blood
49802
249970
249368
249968
260312
249973
237834
151332
49808
249969
249381
249920
251513
249343
249344

Death-Knight Frost
249277
249281
249970
250247
50234
239656
249973
237834
249971
249380
249969
249381
193708
249919
249344
249343

Death-Knight Unholy
249277
249970
250247
50234
239656
249973
237834
249971
249967
249969
249381
193708
249919
249343
249344

Demon-Hunter Havoc
260408
249280
251109
250247
250031
239656
250036
244576
250034
251082
250032
258577
249919
251217
193701
249343

Demon-Hunter Vengeance
260408
249298
250033
151309
250031
239656
151313
50264
250034
49806
250032
251210
249920
251513
249343
249344

Demon-Hunter Devourer
260408
237840
250033
249368
250031
249370
250036
193714
250034
244573
49817
250035
249369
249920
249343
249346

Druid Balance
249283
245769
250024
250247
250022
249370
250027
244576
251113
251082
250023
249382
193708
251217
249346
249343

Druid Feral
249302
250024
250247
250022
249370
250027
244576
244575
251082
250023
249382
249920
251115
193701
249806

Druid Guardian
249278
249913
251096
250022
249370
250027
249327
250025
249374
250023
249334
251093
251217
249343
193701

Druid Restoration
250024
250247
250022
249370
251216
193714
250025
249314
250023
251210
249920
251115
249809
249346
249283
249922

Evoker Devastation
249283
249276
249997
250247
249995
239656
250000
244584
249325
49810
249996
249377
249919
249920
249346
249809

Evoker Preservation
249914
250247
249995
251206
250000
251079
249998
193722
249996
251084
249369
249920
249346
249809
258514

Evoker Augmentation
251178
249276
133506
249337
249995
239656
250000
244584
249998
49810
249996
249999
249920
49812
249810
250256

Hunter Beast-Mastery
251174
249988
250247
151323
258575
249991
251209
249989
244611
244610
249920
249369
249806
193701

Hunter Marksmanship
249288
249988
250247
151323
249335
249991
249304
249989
244611
249987
244610
249919
249336
193701
260235

Hunter Survival
251077
249284
237837
249988
250247
151323
249370
249991
249304
249989
249371
249987
244577
251093
251217
249343
249806

Mage Arcane
258218
251094
250060
250247
250058
239661
250063
239660
250061
249376
251090
249373
249919
249920
249346
249343

Mage Fire
249286
250060
250247
250058
239656
249912
239648
250061
249376
250059
258584
249920
249369
250144
249809

Mage Frost
258514
250060
250247
251085
258575
250063
258580
250061
250057
250059
249373
249919
193708
249343
250144

Monk Brewmaster
249302
251207
250015
240950
250013
249335
250018
250011
250016
251082
151314
151317
249336
251513
249806
249343
249339
151312

Monk Mistweaver
258050
249276
249913
249337
250013
260312
250018
50264
250016
49806
250014
251210
249920
151311
250256
249808

Monk Windwalker
250015
250247
250013
250010
250018
249327
249321
251082
250014
250017
251513
249920
251162
260423
237845
249343
193701

Paladin Holy
193710
258049
249961
250247
249959
258575
249964
263193
249962
249331
249915
249332
249920
249919
249346
249343

Paladin Protection
249295
249921
249316
249368
249959
249370
249964
249326
249962
249331
249960
249381
249920
151311
249343
249342

Paladin Retribution
249277
249961
250247
249959
239656
249964
237834
151332
249380
249960
249381
249919
249920
260235
193701

Priest Discipline
250051
249368
250049
249370
249912
249315
250052
239664
250050
258584
249920
251093
249343
249346
249283
245769

Priest Holy
250051
250247
250049
249335
249912
250047
250052
239664
250050
249373
249336
249919
249809
249343
249293
245769

Priest Shadow
250051
250247
250049
249370
250054
251108
250052
249376
250050
249373
249920
249919
249343
249346
249283
249922

Rogue Assassination
249925
237837
250006
249337
250004
260312
250009
244576
250007
249374
251087
249382
249919
249920
249343
193701

Rogue Outlaw
260423
133491
151336
50228
250004
249335
250009
50264
250007
249374
250005
244569
249336
240949
249343
260235

Rogue Subtlety
250006
249368
250004
258575
250009
249327
250007
244573
133499
258577
193708
251115
249344
249343
249925
237837

Shaman Elemental
251083
251105
249979
250247
249977
249974
249982
249304
249980
244611
251215
244610
193708
249919
249343
250144

Shaman Enhancement
249287
237850
249979
250247
249977
239656
249982
249304
249980
249976
249324
251084
249920
251093
249343
193701

Shaman Restoration
249914
249337
249977
249974
249982
249975
249980
249303
249978
249320
249919
193708
249343
249808
249293
251202

Warlock Affliction
249283
249276
250042
249368
251085
239656
250045
239648
250043
249376
250041
249305
249920
251217
249343
250144

Warlock Demonology
193707
250042
50228
251085
239656
250045
249315
250043
249376
250041
249373
249920
241140
249343
249810

Warlock Destruction
249283
249276
250042
249368
249328
239656
250045
249315
250043
249376
250041
249305
249920
241140
249343
249346

Warrior Arms
249952
249337
249950
239656
249955
237834
251081
249949
249951
249381
249920
251217
249343
249342
249296

Warrior Fury
249952
250247
249950
258575
249955
237834
151332
249949
249951
249954
249920
193708
249343
249342
249277
237846

Warrior Protection
249295
249921
249316
249368
249950
249370
249955
249326
249953
249331
249951
249381
249920
151311
249343
249342
