Death-Knight Blood
49802
151333
249368
249968
260312
249973
237834
249971
49808
249969
249381
249920
251513
249343
249344

Death-Knight Frost
249277
249281
249970
250247
50234
258575
249973
237834
249971
249380
249949
249381
251513
249919
249344
249343

Death-Knight Unholy
249277
249970
250247
50234
239656
249973
244750
249971
249967
249969
249381
193708
249919
249343
249344

Demon-Hunter Havoc
260408
249280
250033
250247
250031
239656
250036
244576
250034
251082
251087
258577
249919
251217
193701
249343

Demon-Hunter Vengeance
260408
249298
250033
151309
250031
239656
151313
50264
250034
49806
250032
251210
249920
251513
249343
249344

Druid Balance
249283
249922
250024
250247
250022
249370
250027
244576
251113
244573
250023
249382
251093
249369
249346
249343

Druid Feral
249302
250024
250247
250022
249370
250027
244576
244575
251082
250023
249382
249920
251115
193701
249343

Druid Guardian
249278
249913
251096
250022
249370
250027
249327
250025
249374
250023
249334
251093
251217
249343
193701

Druid Restoration
250024
250247
250022
249370
251216
193714
250025
249314
250023
251210
249920
251115
249809
249346
249283
249922

Evoker Devastation
249283
249276
249997
250247
249995
239656
250000
244584
249325
49810
249996
249377
249919
249920
249343
249346

Evoker Preservation
249914
250247
249995
251206
250000
251079
249998
193722
249996
251084
249369
249920
249346
249809
258514

Evoker Augmentation
251178
249276
249997
250247
249995
239656
250000
244584
249325
49810
249996
249999
249920
249919
249343
249810

Hunter Beast-Mastery
251174
249988
250247
151323
258575
249991
251209
249989
244611
244610
249920
249369
249343
193701

Hunter Marksmanship
249279
249988
240950
249318
249370
249991
244584
249989
249371
249987
249320
249919
249336
193701
249343

Hunter Survival
251077
249988
250247
249986
239656
251179
249984
249989
249985
249987
244577
251093
251115
249343
249806

Mage Arcane
258218
251094
250060
250247
250058
239656
250063
258580
250061
249376
251090
249373
240949
249920
249346
249343

Mage Fire
249286
250060
250247
250058
239656
249912
239648
250061
249376
250059
258584
249920
249369
250144
249343

Mage Frost
258514
250060
250247
251085
258575
250063
258580
250061
250057
250059
249373
249919
193708
249343
250144

Monk Brewmaster
193723
251207
250015
240950
250013
249335
250018
244576
250016
251082
151314
151317
249336
151308
249343
249806
249339
151312

Monk Mistweaver
258047
249276
249913
249337
250013
260312
250018
50264
250016
49806
250014
251210
249920
151311
249341
250256

Monk Windwalker
250015
250247
250013
250010
250018
249327
249321
251082
250014
250017
249919
249920
237845
249343
193701

Paladin Holy
193710
258049
249961
250247
249959
258575
249964
263193
249962
249331
249915
249332
249920
249919
250246
249343

Paladin Protection
249295
249921
249316
249368
249959
249370
249964
249326
249962
249331
249960
249381
249920
151311
249343
249342

Paladin Retribution
237737
237619
242406
237617
235499
237622
222435
237620
222431
237618
243307
237570
237567
242402
242395

Priest Discipline
250051
250247
250049
249370
249912
251108
250052
249376
250050
249373
249920
249919
249809
249346
249283
249922

Priest Holy
250051
250247
250049
249370
249912
251108
250052
249376
250050
249373
249920
249919
249809
249346
249283
249922

Priest Shadow
250051
250247
250049
249370
250054
251108
250052
249376
250050
249373
249920
249919
249343
249346
249283
249922

Rogue Assassination
249925
237837
250006
249337
250004
260312
250009
244576
250007
249374
251087
249382
249919
249920
249343
193701

Rogue Outlaw
260423
133491
151336
50228
250004
249335
250009
50264
250007
249374
250005
244569
249336
240949
249343
260235

Rogue Subtlety
250006
249368
250004
258575
250009
249327
250007
244573
133499
258577
193708
251115
249344
249343
249925
237837

Shaman Elemental
251083
251105
249979
250247
249977
249974
249982
249304
249980
244611
251215
244610
193708
249919
249343
250144

Shaman Enhancement
249287
237850
249979
250247
249977
249370
249982
249304
249980
249976
249324
251084
249920
251513
249343
193701

Shaman Restoration
249914
249337
249977
260312
249982
249975
249980
249303
249978
249377
249920
251217
250144
250256
251178
193709

Warlock Affliction
249283
249276
250042
249368
251085
239656
250045
249315
250043
249376
250041
249305
249920
241140
249343
250144

Warlock Demonology
193707
250042
50228
251085
239656
250045
249315
250043
249376
250041
249373
249920
241140
249343
249810

Warlock Destruction
249283
249276
250042
249368
249328
239656
250045
249315
250043
249376
250041
249305
249920
241140
249343
249346

Warrior Arms
249952
249337
249950
239656
249955
237834
251081
249949
249951
249381
249920
251217
249343
249342
249296

Warrior Fury
249952
250247
249950
239656
249955
237834
249953
249949
249951
249954
249920
249369
249343
249342
249277
249296

Warrior Protection
249295
249921
249316
249368
249950
249370
249955
249326
249953
249331
249951
249381
249920
151311
249343
249342
